,User_ID,Age,Gender,Weekly_Reading_Time(hours),Mood_Impact,Genre_Biography,Genre_Fantasy,Genre_Fiction,Genre_History,Genre_Romance,Genre_Science,Genre_Self-Help
0,1,-0.9619290811269563,0,0.5019483123559028,2,0,0,1,0,0,0,0
1,2,-0.10688100901410626,1,-0.9810807923319923,1,0,0,0,0,0,1,0
2,3,-1.603215135211594,0,1.2434628646998502,2,0,0,0,0,1,0,0
3,4,1.2825721081692751,1,-0.6103235161600185,1,0,0,0,1,0,0,0
4,5,-0.427524036056425,0,1.984977417043798,2,0,1,0,0,0,0,0
5,6,0.7481670630987438,1,-1.351838068503966,0,1,0,0,0,0,0,0
6,7,-1.2825721081692751,0,0.13119103618392905,2,0,0,0,0,0,0,1
7,8,0.3206430270423188,1,-0.9810807923319923,1,0,0,1,0,0,0,0
8,9,1.8169771532398065,0,-1.351838068503966,0,0,0,0,0,0,1,0
9,10,-0.6412860540846376,1,0.8727055885278766,2,0,1,0,0,0,0,0
10,11,0.10688100901410626,0,0.5019483123559028,2,0,0,0,0,1,0,0
11,12,-1.1756910991551688,1,-0.23956623998804472,2,0,0,0,0,0,0,1
12,13,1.603215135211594,0,-0.9810807923319923,1,1,0,0,0,0,0,0
13,14,-0.2137620180282125,1,1.6142201408718242,2,0,0,1,0,0,0,0
14,15,-0.85504807211285,0,0.13119103618392905,2,0,1,0,0,0,0,0
15,16,0.6412860540846376,1,-0.6103235161600185,1,0,0,0,1,0,0,0
16,17,-0.3206430270423188,0,0.8727055885278766,2,0,0,0,0,1,0,0
17,18,1.1756910991551688,1,-1.351838068503966,0,0,0,0,0,0,1,0
18,19,-1.3894531171833815,0,1.2434628646998502,2,0,0,0,0,0,0,1
19,20,-0.427524036056425,1,-0.9810807923319923,1,0,0,1,0,0,0,0
20,21,0.85504807211285,0,-1.351838068503966,0,1,0,0,0,0,0,0
21,22,-1.0688100901410627,1,0.13119103618392905,2,0,1,0,0,0,0,0
22,23,0.5344050450705313,0,0.8727055885278766,2,0,0,1,0,0,0,0
23,24,1.3894531171833815,1,-0.6103235161600185,1,0,0,0,0,0,1,0
24,25,-0.5344050450705313,0,1.6142201408718242,2,0,0,0,0,1,0,0
25,26,0.2137620180282125,1,-0.9810807923319923,1,0,0,0,0,0,0,1
26,27,-1.4963341261974876,0,1.2434628646998502,2,0,1,0,0,0,0,0
27,28,0.9619290811269563,1,-1.351838068503966,0,0,0,0,1,0,0,0
28,29,0.427524036056425,0,0.5019483123559028,2,0,0,1,0,0,0,0
29,30,0.0,1,-0.23956623998804472,1,0,0,0,0,0,1,0
30,31,-0.7481670630987438,0,0.8727055885278766,2,0,0,0,0,0,0,1
31,32,1.4963341261974876,1,-1.351838068503966,0,1,0,0,0,0,0,0
32,33,-1.2825721081692751,0,0.13119103618392905,2,0,0,0,0,1,0,0
33,34,1.7100961442257,1,-0.6103235161600185,1,0,0,1,0,0,0,0
34,35,-1.1756910991551688,0,1.984977417043798,2,0,1,0,0,0,0,0
35,36,1.0688100901410627,1,-0.9810807923319923,0,0,0,0,0,0,1,0
36,37,-0.9619290811269563,0,-0.6103235161600185,1,1,0,0,0,0,0,0
37,38,1.8169771532398065,1,-0.23956623998804472,2,0,0,0,0,0,0,1
38,39,-1.4963341261974876,0,0.8727055885278766,2,0,1,0,0,0,0,0
39,40,1.2825721081692751,1,-1.351838068503966,0,0,0,0,1,0,0,0
40,41,-1.0688100901410627,0,0.5019483123559028,2,0,0,0,0,1,0,0
41,42,0.6412860540846376,1,1.2434628646998502,2,0,0,1,0,0,0,0
42,43,-0.10688100901410626,0,-0.9810807923319923,1,0,0,0,0,0,1,0
43,44,-1.3894531171833815,1,0.13119103618392905,2,0,0,0,0,0,0,1
44,45,1.603215135211594,0,-0.23956623998804472,2,0,1,0,0,0,0,0
45,46,-0.6412860540846376,1,-1.351838068503966,0,1,0,0,0,0,0,0
46,47,0.5344050450705313,0,-0.6103235161600185,1,0,0,0,1,0,0,0
47,48,0.10688100901410626,1,0.5019483123559028,2,0,0,0,0,1,0,0
48,49,-0.5344050450705313,0,0.13119103618392905,2,0,0,1,0,0,0,0
49,50,-0.2137620180282125,1,0.8727055885278766,2,0,1,0,0,0,0,0
50,51,0.7481670630987438,0,-0.9810807923319923,0,0,0,0,0,0,1,0
51,52,-0.85504807211285,1,1.2434628646998502,2,0,0,0,0,0,0,1
52,53,-1.1756910991551688,0,1.6142201408718242,2,0,0,1,0,0,0,0
53,54,0.3206430270423188,1,-1.351838068503966,1,1,0,0,0,0,0,0
54,55,-0.7481670630987438,0,-0.23956623998804472,2,0,0,0,0,1,0,0
55,56,0.9619290811269563,1,0.5019483123559028,2,0,1,0,0,0,0,0
56,57,-0.427524036056425,0,-0.6103235161600185,1,0,0,0,0,0,1,0
57,58,0.85504807211285,1,0.13119103618392905,2,0,0,0,0,0,0,1
58,59,-1.0688100901410627,0,0.8727055885278766,2,0,0,1,0,0,0,0
59,60,1.4963341261974876,1,-0.9810807923319923,0,1,0,0,0,0,0,0
60,61,0.2137620180282125,0,1.2434628646998502,2,0,0,0,0,1,0,0
61,62,-1.3894531171833815,1,1.6142201408718242,2,0,1,0,0,0,0,0
62,63,0.0,0,-1.351838068503966,0,0,0,0,0,0,1,0
63,64,-0.3206430270423188,1,0.5019483123559028,2,0,0,0,0,0,0,1
64,65,1.1756910991551688,0,-0.6103235161600185,1,0,0,0,1,0,0,0
